"出人头地","Getting On"
"作者：D. H. 劳伦斯","by D. H. Lawrence"
